#1
               a                h          N       dadN         dK 
     0.000204041      0.000151564     100000 2.00743e-09     4.1752 
     0.000206523      0.000158044     105000 1.29362e-09    4.05016 
      0.00021567      0.000161594     115000 1.15397e-09    4.24602 
     0.000227269      0.000162957     125000   9.15e-10    4.61621 
     0.000239817      0.000166966     135000   9.15e-10     4.9412 
     0.000246578      0.000170221     145000 6.00567e-10    5.07225 
     0.000241087        0.0001704     155000 3.02724e-10    4.84863 
     0.000261337      0.000160587     175000 1.40092e-09    6.30185 
     0.000301333      0.000185442     195000 2.28423e-09     6.7501 
     0.000361422      0.000253914     215000 2.61786e-09    5.98842 
     0.000385782      0.000338469     225000 2.62821e-09    4.84144 
#2
               a                h          N       dadN         dK 
     0.000379943      0.000400688     215000 7.45071e-09    4.35868 
     0.000456395      0.000528279     225000 1.02352e-08    4.68987 
#3
               a                h          N       dadN         dK 
     0.000209865      0.000198715     215000 4.56525e-09    3.39231 
     0.000265363      0.000254345     225000 3.8253e-09    3.78915 
#4
               a                h          N       dadN         dK 
     0.000152903       0.00013965     155000 2.07745e-09    2.96084 
     0.000177548      0.000206263     175000 3.08604e-09    2.92403 
     0.000258493      0.000360451     195000 6.07267e-09    3.55519 
     0.000410599       0.00063691     215000 8.36832e-09    4.57948 
     0.000509867      0.000801391     225000 1.10132e-08    5.11994 
#5
               a                h          N       dadN         dK 
#6
               a                h          N       dadN         dK 
     0.000260979      0.000246565     225000 5.15041e-09    3.78782 
#7
               a                h          N       dadN         dK 
     0.000307634      0.000393235     215000 5.8389e-09    3.84202 
     0.000370734      0.000450282     225000 5.41274e-09    4.21407 
#8
               a                h          N       dadN         dK 
     0.000196384      0.000197447     155000 3.74194e-09    3.18731 
     0.000263698      0.000252204     175000 4.1406e-09    3.78193 
     0.000356388      0.000330306     195000 5.53958e-09     4.4778 
     0.000471742      0.000502983     215000 5.57487e-09    4.84176 
     0.000535731      0.000603581     225000 9.35438e-09    5.09917 
