#1
               a                h          N       dadN         dK 
     0.000134723      0.000133416     105000   9.76e-10    2.65754 
     0.000139254      0.000135246     110000    6.1e-10    2.72579 
       0.0001403       0.00013725     115000   4.88e-10     2.7271 
       0.0001403      0.000139516     120000  1.098e-09    2.70625 
      0.00014888      0.000140462     125000 1.9989e-09    2.86313 
#2
               a                h          N       dadN         dK 
     0.000128623      8.20886e-05     110000   2.44e-09    4.14716 
     0.000143263      8.77529e-05     115000   1.83e-09    4.68947 
     0.000146923      9.49857e-05     120000   1.22e-09    4.34043 
     0.000149814      0.000102132     125000 8.33697e-10    4.03014 
#3
               a                h          N       dadN         dK 
     0.000178445      0.000132453      95000 3.54591e-09    3.90724 
     0.000196246      0.000131586     100000  3.782e-09    4.72845 
     0.000216986      0.000158164     105000  4.514e-09    4.41235 
     0.000241037      0.000191714     110000   4.88e-09    4.18931 
     0.000266309      0.000233194     115000  5.002e-09    4.02819 
     0.000293846      0.000256897     120000   4.88e-09    4.23735 
     0.000315107      0.000289171     125000 4.58713e-09    4.23701 
#4
               a                h          N       dadN         dK 
     0.000391406      0.000484981      95000 6.18175e-09     4.3294 
     0.000431706      0.000537061     100000  6.466e-09    4.54703 
      0.00045628      0.000595011     105000  5.856e-09    4.68539 
     0.000475103      0.000649476     110000  7.564e-09    4.80582 
     0.000530526      0.000718754     115000  9.394e-09    5.07239 
     0.000578454      0.000737926     120000  1.159e-08    5.26784 
      0.00063564      0.000795102     125000 1.53344e-08    5.51805 
#5
               a                h          N       dadN         dK 
#6
               a                h          N       dadN         dK 
     0.000164526      0.000127577     110000   1.83e-09    3.56022 
      0.00017446      0.000135943     115000   3.05e-09    3.64532 
     0.000187531      0.000143089     120000  5.124e-09     3.8716 
     0.000226491      0.000164606     125000 7.03791e-09    4.52457 
#7
               a                h          N       dadN         dK 
#8
               a                h          N       dadN         dK 
     0.000257341      0.000218014      95000 2.16779e-09    4.07082 
     0.000265786      0.000233891     100000  2.806e-09    4.00888 
     0.000276766      0.000261864     105000  3.172e-09    3.89755 
     0.000300294      0.000312843     110000  3.294e-09    3.88979 
     0.000319117      0.000348659     115000  3.782e-09    3.95831 
      0.00032696      0.000359551     120000  5.246e-09    4.00125 
      0.00036671      0.000374544     125000 5.97153e-09    4.32833 
#9
               a                h          N       dadN         dK 
     0.000210886      0.000158774     100000   4.27e-09    4.17536 
     0.000238423      0.000168186     105000  4.026e-09    4.83555 
     0.000253586      0.000177336     110000  3.172e-09    5.04827 
     0.000266483      0.000188141     115000   2.44e-09     5.1065 
     0.000275371      0.000204437     120000  2.928e-09    4.85316 
     0.000292306      0.000235012     125000 3.98881e-09    4.56212 
#10
               a                h          N       dadN         dK 
#11
               a                h          N       dadN         dK 
     0.000371902      0.000399595      95000 4.50448e-09    4.29024 
     0.000384474        0.0004148     100000   3.66e-09     4.3576 
     0.000401903      0.000452881     105000  5.124e-09     4.4165 
      0.00043432      0.000508566     110000   6.71e-09    4.57001 
     0.000469003      0.000585426     115000  8.296e-09    4.73966 
     0.000515537      0.000644509     120000 1.1224e-08     4.9694 
     0.000577263      0.000720914     125000 1.34002e-08    5.25837 
#12
               a                h          N       dadN         dK 
     0.000229709      0.000165571     110000   6.71e-09    4.60719 
     0.000269794      0.000207226     115000  6.832e-09     4.6082 
      0.00029646      0.000219339     120000    6.1e-09    5.05759 
     0.000324684       0.00024294     125000 5.91134e-09    5.21724 
#13
               a                h          N       dadN         dK 
     0.000277743      0.000293671      95000 4.33199e-09     3.7237 
     0.000299074      0.000337766     100000  6.832e-09     3.8085 
     0.000347177      0.000381599     105000  7.198e-09    4.12334 
       0.0003843      0.000420116     110000  5.612e-09    4.34322 
     0.000412011      0.000447479     115000   3.66e-09    4.50378 
      0.00040748      0.000459156     120000  2.684e-09    4.44703 
     0.000421053      0.000503138     125000 6.41982e-09    4.49358 
#14
               a                h          N       dadN         dK 
     0.000295702      0.000301285      95000 4.90336e-09    3.89027 
      0.00032208      0.000333147     100000  5.368e-09    4.03799 
     0.000351011       0.00036295     105000  4.392e-09     4.2161 
     0.000369311      0.000382731     110000  2.928e-09    4.32127 
     0.000376109      0.000405214     115000  5.002e-09    4.31129 
     0.000403123      0.000438939     120000  5.124e-09    4.45232 
     0.000441015       0.00047571     125000 6.31202e-09    4.66731 
#15
               a                h          N       dadN         dK 
     0.000232497      0.000166094     100000  3.904e-09    4.69164 
     0.000251494      0.000182826     105000  4.148e-09     4.7654 
      0.00027816      0.000193631     110000  4.026e-09    5.32191 
      0.00029524      0.000204873     115000  2.806e-09    5.50939 
     0.000304477      0.000211931     120000  2.928e-09     5.5702 
     0.000318314      0.000227191     125000 2.76342e-09    5.49738 
#16
               a                h          N       dadN         dK 
     0.000269011      0.000233956      95000 5.50707e-10    4.07078 
     0.000266831        0.0002318     100000   1.83e-09    4.05827 
      0.00028182      0.000239469     105000  2.806e-09    4.24833 
      0.00030378        0.0002562     110000  2.806e-09    4.44072 
       0.0003172      0.000267441     115000  2.562e-09    4.53905 
     0.000321906      0.000296547     120000  1.586e-09    4.27201 
      0.00032967      0.000329795     125000 2.53792e-09    4.13798 
#17
               a                h          N       dadN         dK 
     0.000256694      0.000216105      95000 2.15881e-09    4.08812 
     0.000267006      0.000233804     100000  2.562e-09    4.03333 
     0.000279554      0.000268574     105000  2.684e-09    3.88459 
       0.0002989      0.000294891     110000  2.562e-09     3.9643 
     0.000309009      0.000321819     115000  1.708e-09    3.94618 
     0.000305349      0.000327134     120000  4.758e-09    3.89034 
     0.000344574      0.000337454     125000 6.55009e-09    4.27109 
#18
               a                h          N       dadN         dK 
     0.000210041      0.000160311      95000 1.96835e-09    4.09701 
     0.000218554      0.000174373     100000  1.342e-09     3.9758 
     0.000223609       0.00017568     105000  1.586e-09     4.0886 
     0.000227791      0.000175506     110000  2.806e-09    4.21871 
      0.00024766      0.000191889     115000  3.782e-09    4.37159 
     0.000274326      0.000219949     120000  4.392e-09    4.43282 
     0.000294381      0.000239292     125000 4.31582e-09    4.52639 
