#1
               a                h          N       dadN         dK 
     0.000172166      9.95809e-05     105000 2.59452e-09    5.70655 
     0.000185091      0.000102916     110000  1.708e-09    6.38117 
     0.000188054      0.000106489     115000    6.1e-10    6.20819 
     0.000189623      0.000107011     120000   2.44e-10    6.27896 
       0.0001891       0.00010675     125000 8.66194e-25    6.26202 
     0.000187656      0.000106389     130000 4.81237e-11    6.18892 
     0.000191748       0.00010761     140000 4.7431e-10    6.37432 
#2
               a                h          N       dadN         dK 
     0.000121775      9.26499e-05     105000 7.9327e-10    3.13111 
     0.000127054        9.455e-05     110000    6.1e-10    3.28726 
       0.0001281      9.61186e-05     115000   4.88e-10    3.26788 
     0.000129669      9.90814e-05     120000   3.66e-10    3.21241 
     0.000131559      0.000100232     125000 7.48351e-10    3.24992 
     0.000139097      0.000103137     130000 1.05677e-09    3.45302 
     0.000146789      0.000108131     140000 9.96994e-10    3.57799 
#3
               a                h          N       dadN         dK 
     0.000153475      0.000141463     140000 6.06856e-10    2.94925 
#4
               a                h          N       dadN         dK 
     0.000177667      0.000160283     140000 1.63529e-09    3.21812 
#5
               a                h          N       dadN         dK 
#6
               a                h          N       dadN         dK 
     0.000255751      0.000336466     105000 4.02654e-09     3.5105 
     0.000279554      0.000340816     110000  3.172e-09    3.65908 
     0.000291231      0.000344389     115000  1.952e-09    3.73941 
     0.000294891      0.000357721     120000  1.098e-09     3.7585 
     0.000297579      0.000378236     125000 1.28918e-09    3.77766 
     0.000310697      0.000388495     130000 1.94511e-09    3.85784 
     0.000327279      0.000412896     140000 2.11081e-09    3.96048 
#7
               a                h          N       dadN         dK 
     0.000224703      0.000149122     125000 1.89468e-09    5.14186 
     0.000234609      0.000143795     130000 2.04135e-09    5.99882 
     0.000260958       0.00018042     140000 2.8848e-09    5.20636 
#8
               a                h          N       dadN         dK 
     0.000200362      0.000248345     140000 3.51923e-09    3.09757 
#9
               a                h          N       dadN         dK 
     0.000190789      0.000138481     105000 2.59901e-09    4.15963 
       0.0002074      0.000149973     110000  2.318e-09     4.3586 
     0.000214023      0.000158077     115000  1.464e-09     4.3059 
     0.000220123      0.000164439     120000   9.76e-10    4.30702 
     0.000222834      0.000173666     125000 1.17508e-09    4.11947 
     0.000227202      0.000172475     130000 1.47493e-09    4.28882 
     0.000250569      0.000186231     140000 3.12038e-09    4.62377 
#10
               a                h          N       dadN         dK 
     0.000200949       0.00016151     100000 9.03294e-10    3.78238 
     0.000203393      0.000169547     105000 9.27128e-10    3.67319 
       0.0002074      0.000183784     110000   7.32e-10    3.52242 
     0.000210886      0.000200429     115000  1.342e-09    3.39374 
     0.000218206      0.000205657     120000  1.586e-09    3.46855 
     0.000226742      0.000206057     125000 2.28997e-09    3.61679 
     0.000241704      0.000206343     130000 3.22819e-09    3.91884 
     0.000275864      0.000207468     140000 4.65385e-09     4.7796 
#11
               a                h          N       dadN         dK 
     0.000189503      0.000162707     130000 1.10489e-09    3.45271 
     0.000221949      0.000181009     140000 2.68066e-09    3.91748 
#12
               a                h          N       dadN         dK 
     0.000180226      0.000126737     140000 1.34626e-09    4.22261 
#13
               a                h          N       dadN         dK 
#14
               a                h          N       dadN         dK 
     0.000363165      0.000436374     100000 6.41215e-09    4.17223 
      0.00039959       0.00046272     105000 6.48181e-09    4.38815 
     0.000429091      0.000496191     110000  5.734e-09    4.54791 
      0.00045994      0.000509176     115000  5.246e-09    4.73925 
     0.000482946      0.000513097     120000  4.636e-09    4.90368 
     0.000499203      0.000551057     125000 4.94468e-09    4.94015 
     0.000529575      0.000610774     130000 6.23917e-09     5.0539 
     0.000592426      0.000761672     140000 1.02367e-08    5.33342 
#15
               a                h          N       dadN         dK 
       0.0002181      0.000205536     105000 3.24944e-09    3.46748 
     0.000242083      0.000219687     110000   3.05e-09    3.74172 
     0.000252017      0.000220123     115000   1.83e-09    3.92667 
     0.000258291      0.000220994     120000  1.586e-09    4.04347 
     0.000263845      0.000244916     125000 1.33409e-09     3.8489 
     0.000275085      0.000262791     130000 1.81049e-09    3.86486 
     0.000289544      0.000277792     140000 1.52718e-09    3.95589 
#16
               a                h          N       dadN         dK 
     0.000217103      0.000174766     105000 3.18476e-09    3.92673 
     0.000239469      0.000187183     110000  2.562e-09    4.25575 
     0.000243477      0.000201387     115000   8.54e-10    4.04794 
        0.000244       0.00021106     120000   4.88e-10    3.89467 
     0.000244934      0.000212018     125000 6.64801e-10     3.8998 
     0.000252558        0.0002127     130000 1.13806e-09    4.05442 
      0.00026715       0.00021522     140000 1.09689e-09    4.35135 
#17
               a                h          N       dadN         dK 
     0.000145522      0.000110333     130000 6.39264e-10    3.43814 
     0.000146538      0.000114937     140000 3.68128e-10    3.31628 
#18
               a                h          N       dadN         dK 
     0.000233552      0.000215077     105000 2.1085e-09    3.63909 
     0.000246614      0.000214023     110000  2.074e-09    3.90444 
     0.000255154        0.0002135     115000  1.342e-09    4.09899 
     0.000261254       0.00021167     120000  1.098e-09     4.2781 
     0.000263782      0.000220826     125000 8.43579e-10    4.16532 
     0.000269922      0.000227846     130000 8.64275e-10      4.183 
     0.000277161      0.000234693     140000 8.33006e-10    4.22605 
#19
               a                h          N       dadN         dK 
     0.000270577      0.000148596     140000 2.34519e-09    7.90697 
#20
               a                h          N       dadN         dK 
     0.000299563      0.000310505     100000 9.37111e-10    3.89178 
     0.000301928      0.000322226     105000 1.48233e-09    3.87254 
     0.000310577       0.00033001     110000  1.708e-09    3.93227 
     0.000322777      0.000332624     115000  1.586e-09     4.0476 
     0.000328354        0.0003355     120000  1.098e-09    4.09523 
     0.000330882      0.000347799     125000 8.43579e-10    4.07154 
       0.0003363      0.000367996     130000 8.88337e-10    4.06214 
     0.000338862      0.000376607     140000 1.81234e-09    4.06484 
